"size","totalops","mulops","addops"
2,4,0,4
3,16,4,12
4,16,0,16
5,44,10,34
6,44,8,36
7,88,16,72
8,56,4,52
9,120,40,80
10,108,20,88
11,208,40,168
12,112,16,96
13,228,40,188
14,204,32,172
15,196,40,156
16,168,24,144
17,356,82,274
18,276,80,196
19,448,124,324
20,256,40,216
21,352,64,288
22,460,80,380
23,856,304,552
24,288,36,252
25,536,164,372
26,508,80,428
27,600,220,380
28,464,64,400
29,956,280,676
30,452,80,372
31,936,160,776
32,456,84,372
