"size","totalops","mulops","addops"
2,4,0,4
3,16,4,12
4,16,0,16
5,48,16,32
6,44,8,36
7,96,36,60
8,56,4,52
9,120,40,80
10,116,32,84
11,240,100,140
12,112,16,96
13,292,76,216
14,220,72,148
15,224,68,156
16,168,24,144
17,428,108,320
18,276,80,196
19,656,228,428
20,272,64,208
21,400,136,264
22,524,200,324
23,960,304,656
24,296,44,252
25,576,224,352
26,636,152,484
27,600,220,380
28,496,144,352
29,1156,396,760
30,508,136,372
31,1160,208,952
32,456,84,372
