"size","totalops","mulops","addops"
2,4,0,4
3,16,4,12
4,16,0,16
5,50,18,32
6,44,8,36
7,98,38,60
8,56,4,52
9,120,40,80
10,120,36,84
11,242,102,140
12,112,16,96
13,292,76,216
14,224,76,148
15,230,74,156
16,168,24,144
17,428,108,320
18,276,80,196
19,656,228,428
20,280,72,208
21,406,142,264
22,528,204,324
23,1058,486,572
24,296,44,252
25,596,244,352
26,636,152,484
27,600,220,380
28,504,152,352
29,1172,412,760
30,520,148,372
31,1216,412,804
32,456,84,372
